10280
40
2804
0
0
30
1000
30
30
30
30
30
29
29
30
100
100
100
100
100
100
100
100
0
13000
500
5000
0
1500
1500
53392
3
4141
10000
0
2500
4000
41248
7
7781
3600
61936
63536
2000
48928
2
16606
3600
0
0
2000
48928
2
11006
3600
0
2500
4000
48928
2
6506
9100
900
200
4000
61784
6
55082
3600
600
200
4000
48928
2
8206
3600
900
200
4000
48928
2
7906
0
1023
22737
0
256
0
41520
8974
8116
8263
2600
1100
34464
1
0
30
30
50
50
10
4
14176
9100
30
30
30
30
30
40
30
30
30
30
24646
6
30
30
8500
200
4000
24646
6
19084
0
600
1023
30
0
16384
0
0
0
30
30
30
30
30
30
30
30
30
0
30
30
30
30
30
30
30
30
30
30
30
30
30
30
62616
0
2
62341
