20
0
0
0
26969
30
1000
30
30
30
30
30
29
29
30
100
100
100
100
100
100
100
100
14000
13000
500
5000
4000
0
4000
53392
3
64677
14000
13000
2500
4000
44640
10
52922
21300
20000
4000
9000
16424
16
60332
5000
4000
0
2000
53392
3
1141
14000
13000
2500
4000
44640
10
52922
9100
900
200
4000
61784
6
55082
3600
600
200
4000
48928
2
8206
3600
900
200
4000
48928
2
7906
276
16445
21845
1365
0
0
25605
30
3564
8629
0
2000
34464
1
20071
14000
13000
2500
4000
17856
4
14176
9100
30
30
30
30
30
30
30
30
30
30
30
30
30
30
8500
200
4000
24646
6
19084
0
600
1023
30
0
4000
0
4000
30
30
30
30
30
30
30
30
30
30
0
30
30
30
30
30
30
30
30
30
30
30
30
30
30
62616
0
2
63437
