0
0
0
0
8192
0
1000
29
29
29
29
29
0
0
0
100
100
100
100
100
0
0
0
0
0
0
5000
0
5530
5520
53392
3
61627
10000
0
2500
4000
41248
7
7781
3600
0
3000
9000
48928
2
1006
3600
0
0
2000
48928
2
11006
3600
0
2500
4000
48928
2
6506
9100
900
200
4000
61784
6
55082
3600
600
200
4000
48928
2
8206
3600
900
200
4000
48928
2
7906
46080
1023
22737
0
1
54528
6703
0
0
0
0
0
0
0
0
50
50
50
50
5
0
0
0
0
0
0
0
0
0
0
0
0
0
0
0
0
0
0
0
0
0
0
0
0
0
0
0
0
0
0
0
0
0
0
0
0
0
0
0
0
0
0
0
0
0
0
0
0
0
0
0
0
0
0
0
0
0
0
0
55494
